{
 "cells": [
  {
   "cell_type": "code",
   "execution_count": 1,
   "metadata": {},
   "outputs": [
    {
     "name": "stdout",
     "output_type": "stream",
     "text": [
      "Libraries have been loaded\n"
     ]
    }
   ],
   "source": [
    "__imp"
   ]
  },
  {
   "cell_type": "code",
   "execution_count": 2,
   "metadata": {
    "collapsed": true
   },
   "outputs": [],
   "source": [
    "from scipy.stats import rankdata\n",
    "from sklearn.externals import joblib\n",
    "from sklearn.metrics import roc_auc_score"
   ]
  },
  {
   "cell_type": "code",
   "execution_count": 3,
   "metadata": {},
   "outputs": [],
   "source": [
    "sub28 = joblib.load('../oof_preds/submission28_oof.pkl')\n",
    "sub31 = joblib.load('../oof_preds/submission31_oof.pkl')\n",
    "sub32 = joblib.load('../oof_preds/submission32_oof.pkl')\n",
    "sub33 = joblib.load('../oof_preds/submission33_oof.pkl')\n",
    "sub36 = joblib.load('../oof_preds/submission36_oof.pkl')\n",
    "sub39 = joblib.load('../oof_preds/submission39_oof.pkl')\n",
    "\n",
    "true  = joblib.load('../oof_preds/holdout_target.pkl')"
   ]
  },
  {
   "cell_type": "code",
   "execution_count": 4,
   "metadata": {},
   "outputs": [
    {
     "data": {
      "text/html": [
       "<div>\n",
       "<style scoped>\n",
       "    .dataframe tbody tr th:only-of-type {\n",
       "        vertical-align: middle;\n",
       "    }\n",
       "\n",
       "    .dataframe tbody tr th {\n",
       "        vertical-align: top;\n",
       "    }\n",
       "\n",
       "    .dataframe thead th {\n",
       "        text-align: right;\n",
       "    }\n",
       "</style>\n",
       "<table border=\"1\" class=\"dataframe\">\n",
       "  <thead>\n",
       "    <tr style=\"text-align: right;\">\n",
       "      <th></th>\n",
       "      <th>sub28</th>\n",
       "      <th>sub31</th>\n",
       "      <th>sub32</th>\n",
       "      <th>sub33</th>\n",
       "      <th>sub36</th>\n",
       "      <th>sub39</th>\n",
       "    </tr>\n",
       "  </thead>\n",
       "  <tbody>\n",
       "    <tr>\n",
       "      <th>sub28</th>\n",
       "      <td>1.000000</td>\n",
       "      <td>0.926435</td>\n",
       "      <td>0.961607</td>\n",
       "      <td>0.945353</td>\n",
       "      <td>0.929793</td>\n",
       "      <td>0.894842</td>\n",
       "    </tr>\n",
       "    <tr>\n",
       "      <th>sub31</th>\n",
       "      <td>0.926435</td>\n",
       "      <td>1.000000</td>\n",
       "      <td>0.914599</td>\n",
       "      <td>0.930510</td>\n",
       "      <td>0.881360</td>\n",
       "      <td>0.852928</td>\n",
       "    </tr>\n",
       "    <tr>\n",
       "      <th>sub32</th>\n",
       "      <td>0.961607</td>\n",
       "      <td>0.914599</td>\n",
       "      <td>1.000000</td>\n",
       "      <td>0.940253</td>\n",
       "      <td>0.938733</td>\n",
       "      <td>0.898119</td>\n",
       "    </tr>\n",
       "    <tr>\n",
       "      <th>sub33</th>\n",
       "      <td>0.945353</td>\n",
       "      <td>0.930510</td>\n",
       "      <td>0.940253</td>\n",
       "      <td>1.000000</td>\n",
       "      <td>0.900509</td>\n",
       "      <td>0.880695</td>\n",
       "    </tr>\n",
       "    <tr>\n",
       "      <th>sub36</th>\n",
       "      <td>0.929793</td>\n",
       "      <td>0.881360</td>\n",
       "      <td>0.938733</td>\n",
       "      <td>0.900509</td>\n",
       "      <td>1.000000</td>\n",
       "      <td>0.871589</td>\n",
       "    </tr>\n",
       "    <tr>\n",
       "      <th>sub39</th>\n",
       "      <td>0.894842</td>\n",
       "      <td>0.852928</td>\n",
       "      <td>0.898119</td>\n",
       "      <td>0.880695</td>\n",
       "      <td>0.871589</td>\n",
       "      <td>1.000000</td>\n",
       "    </tr>\n",
       "  </tbody>\n",
       "</table>\n",
       "</div>"
      ],
      "text/plain": [
       "          sub28     sub31     sub32     sub33     sub36     sub39\n",
       "sub28  1.000000  0.926435  0.961607  0.945353  0.929793  0.894842\n",
       "sub31  0.926435  1.000000  0.914599  0.930510  0.881360  0.852928\n",
       "sub32  0.961607  0.914599  1.000000  0.940253  0.938733  0.898119\n",
       "sub33  0.945353  0.930510  0.940253  1.000000  0.900509  0.880695\n",
       "sub36  0.929793  0.881360  0.938733  0.900509  1.000000  0.871589\n",
       "sub39  0.894842  0.852928  0.898119  0.880695  0.871589  1.000000"
      ]
     },
     "execution_count": 4,
     "metadata": {},
     "output_type": "execute_result"
    }
   ],
   "source": [
    "pd.DataFrame({'sub28': sub28,\n",
    "              'sub31': sub31,\n",
    "              'sub32': sub32,\n",
    "              'sub33': sub33,\n",
    "              'sub36': sub36,\n",
    "              'sub39': sub39\n",
    "             }).corr()"
   ]
  },
  {
   "cell_type": "code",
   "execution_count": 14,
   "metadata": {},
   "outputs": [
    {
     "name": "stdout",
     "output_type": "stream",
     "text": [
      "0.6996798426560427\n"
     ]
    }
   ],
   "source": [
    "ensemble = rankdata(sub28) *.025 + rankdata(sub31) * .1 + rankdata(sub32) * .7 +\\\n",
    "           rankdata(sub33) * 0.075 + rankdata(sub36) * .025 + rankdata(sub39) * .025\n",
    "    \n",
    "print(roc_auc_score(true, ensemble))"
   ]
  },
  {
   "cell_type": "code",
   "execution_count": 13,
   "metadata": {},
   "outputs": [
    {
     "data": {
      "text/plain": [
       "1.0"
      ]
     },
     "execution_count": 13,
     "metadata": {},
     "output_type": "execute_result"
    }
   ],
   "source": [
    ".05 + .1 + .7 + .075 + .05 + .025"
   ]
  },
  {
   "cell_type": "code",
   "execution_count": 3,
   "metadata": {
    "collapsed": true
   },
   "outputs": [],
   "source": [
    "# submission28\n",
    "sub28 = pd.read_csv('../submissions/submission28.csv', usecols=['is_click'])['is_click']\n",
    "\n",
    "# submission31\n",
    "sub31 = pd.read_csv('../submissions/submission31.csv', usecols=['is_click'])['is_click']\n",
    "\n",
    "# submission32\n",
    "sub32 = pd.read_csv('../submissions/submission32.csv', usecols=['is_click'])['is_click']\n",
    "\n",
    "# submission 33\n",
    "sub33 = pd.read_csv('../submissions/submission33.csv', usecols=['is_click'])['is_click']\n",
    "\n",
    "sub = pd.read_csv('../data/raw/sample_submission_4fcZwvQ.csv')\n",
    "sub.loc[:, 'is_click'] = rankdata(sub28) * .05 + rankdata(sub31) * .2 + rankdata(sub32) * .7 + rankdata(sub33) * .05\n",
    "\n",
    "# 0.7018312845129699\n",
    "sub.to_csv('../submissions/ensemble_28_31_32_33.csv', index=False)"
   ]
  }
 ],
 "metadata": {
  "kernelspec": {
   "display_name": "Python 3",
   "language": "python",
   "name": "python3"
  },
  "language_info": {
   "codemirror_mode": {
    "name": "ipython",
    "version": 3
   },
   "file_extension": ".py",
   "mimetype": "text/x-python",
   "name": "python",
   "nbconvert_exporter": "python",
   "pygments_lexer": "ipython3",
   "version": "3.6.1"
  }
 },
 "nbformat": 4,
 "nbformat_minor": 2
}
